0 18.9875 38.8388 45.3522 93.7429 95.3752 115.003 90.2262 92.2544 146.496 190.879 222.362 220.018 160.285 142.493 92.8681 35.9121 25.6457 17.5835 52.632 192.934 210.962 225.018 228.932 210.904 181.879 189.312 190.012 195.158 120.834 112.812 103.602 98.5027 97.2793 88.0117 90.8236 95.9227 58.8093 55.8093 38.1317 44.4121 26.0632 18.0009 28.4743 81.3035 80.9257 108.303 118.501 88.7429 86.0673 82.2594 80.6558 82.0347 59.2312 51.4978 76.4131 64.0337 71.5337 79.344 62.7446 97.4577 48.8522 35.0444 25.989 23.5991 20.4368 16.1942 12.0711 5 10.3852 11.4031 16.4031 10.2961 6.26498 9.30054 12.8361 16.4031 6.40312 13.1113 17.5835 32.3539 36.4392 31.0309 40.8797 48.1599 56.2375 51.942 47.9109 43.8797 45.1713 49.9148 69.9397 
18.9875 0 21.1165 56.8507 78.3371 98.4208 97.2812 72.5039 74.5321 128.773 173.157 204.639 201.03 141.297 124.771 73.8806 25.9111 43.8476 36.571 70.8339 173.947 191.975 206.03 211.21 193.182 164.157 171.59 172.289 177.436 103.112 95.0892 85.8794 80.7804 79.557 70.2894 71.8361 76.9352 39.8219 36.8219 19.1442 34.4111 16.0623 8 9.48683 63.5812 63.2034 92.8973 103.095 73.3371 83.282 79.4741 75.1729 66.6289 43.8254 33.7755 79.4156 75.5322 83.0322 82.3896 74.2431 108.956 60.3507 46.5429 37.4875 31.6566 28.4943 24.2517 21.0586 13.9875 8.60233 20.3906 16.0623 24.1245 25.2525 25.5863 29.1218 33.5939 25.3906 32.0988 36.571 50.5558 54.6411 49.2328 59.0816 66.3617 74.4394 70.1439 66.1127 62.0816 63.3732 68.1166 80.728 
38.8388 21.1165 0 40.4339 57.2206 77.3042 76.1647 51.3874 53.4155 107.657 152.04 183.523 187.405 127.672 103.654 60.2557 47.0277 58.9491 41.9426 85.9354 160.322 178.35 192.405 190.093 172.065 143.04 150.473 151.173 156.319 81.9956 73.9727 64.7629 59.6639 58.4405 49.1729 54.1729 59.2719 60.9384 57.9384 40.2607 55.5277 37.1788 29.1165 11.6297 42.4647 42.0869 71.7808 81.9788 52.2206 62.1654 58.3575 54.0564 45.5124 22.7089 12.659 58.299 59.1154 66.6154 61.273 57.8263 92.5394 43.9339 30.1261 21.0707 15.2398 18.402 22.6447 26.7678 33.8388 29.7189 40.242 37.1788 45.2411 45.1038 31.1571 27.6216 32.0937 42.0937 46.4147 50.8868 65.6573 69.7426 64.3343 74.1831 81.4632 89.5409 85.2454 81.2142 77.1831 78.4747 83.2181 101.844 
45.3522 56.8507 40.4339 0 49.2004 50.023 76.5669 83.2728 89.8667 144.108 188.492 219.974 209.818 150.085 114.751 82.6685 74.7052 63.8436 46.8371 67.9888 182.735 200.763 214.818 226.544 208.517 179.492 186.925 162.269 155.353 81.0298 99.6734 87.9687 91.5493 94.8916 85.624 80.624 85.7231 48.6098 45.6098 63.2874 83.2052 64.8564 56.7941 47.3638 79.9723 73.9723 63.7607 73.9587 50.5558 40.7152 36.9073 35.3036 43.8476 34.4945 44.5444 31.061 18.6815 26.1815 33.9918 17.3924 52.1056 3.5 10.3078 19.3631 25.1941 28.3564 32.599 36.7221 43.7932 49.1784 50.1963 55.1963 55.6483 51.6171 36.0516 32.5161 36.9882 46.9882 51.3092 55.7814 70.5518 74.6371 69.2288 70.7968 63.5167 71.5944 81.859 77.8279 73.7968 77.3323 80.8693 100.894 
93.7429 78.3371 57.2206 49.2004 0 29.4263 27.3665 35.3569 46.9543 100.416 144.8 176.282 186.551 129.696 65.5502 62.2797 104.248 112.234 95.2278 117.04 162.346 177.495 191.551 182.852 164.825 135.8 143.233 113.069 106.153 31.8293 50.4729 38.7682 43.6333 51.1997 51.1969 56.1969 57.7803 94.2112 91.2112 97.4813 112.748 94.3994 86.3371 68.8503 50.6574 44.6574 14.5602 24.7583 5 8.48528 12.2932 16.5943 11.7082 34.5117 44.5616 20.837 30.5189 23.0189 15.2086 38.6583 53.7583 52.5507 58.6985 67.7539 72.4603 75.6226 79.8652 83.9884 91.0594 86.9394 97.4625 94.3994 102.462 100.008 84.4424 80.9068 85.379 95.379 99.6999 104.172 118.943 123.028 117.62 119.848 112.567 120.645 130.91 126.879 122.848 126.383 129.92 149.945 
95.3752 98.4208 77.3042 50.023 29.4263 0 27.6723 35.6627 47.2601 100.722 145.106 176.588 186.856 130.002 65.8561 62.5855 124.332 113.867 96.8601 117.862 162.652 177.801 191.856 183.158 165.131 136.106 143.539 113.375 106.459 32.1352 50.7788 39.0741 43.9392 51.5055 51.5028 56.5028 58.0861 94.517 91.517 109.195 132.832 114.483 106.421 88.9339 50.9632 44.9632 14.8661 25.0641 33.1949 22.7546 18.9467 23.2479 31.7919 54.5954 64.6452 27.4905 31.3415 23.8415 16.0312 39.4809 54.0641 53.3733 60.3308 69.3862 75.2171 78.3794 82.622 86.7451 93.8162 99.2014 100.219 105.219 105.671 101.64 86.0746 82.5391 87.0112 97.0112 101.332 105.804 120.575 124.66 119.252 120.67 113.39 121.468 131.732 127.701 123.67 127.206 130.743 150.768 
115.003 97.2812 76.1647 76.5669 27.3665 27.6723 0 24.7772 29.0921 73.2835 117.667 149.149 159.418 109.012 38.1838 41.5956 115.084 135.114 118.107 144.406 141.662 150.363 164.418 155.72 137.692 108.667 116.1 85.7022 80.1546 5.83095 23.1065 11.4018 16.5008 24.0671 33.3347 35.5128 30.4138 73.5271 70.5271 88.2048 113.605 113.343 105.281 87.7944 40.0429 34.0778 12.8062 12.902 32.3665 35.8517 39.6596 43.9608 39.0747 61.8782 63.5057 48.2034 57.8854 50.3854 42.5751 66.0248 41.902 79.9172 86.065 95.1203 91.4044 94.5667 98.8093 102.932 110.003 105.884 116.407 113.343 121.406 121.268 107.322 103.786 108.258 118.258 122.579 127.051 141.822 145.907 140.499 147.214 139.934 148.012 158.276 154.245 150.214 153.75 157.287 159.922 
90.2262 72.5039 51.3874 83.2728 35.3569 35.6627 24.7772 0 11.5974 65.0592 109.443 140.925 151.194 94.3394 54.7618 26.9228 98.4151 110.337 93.33 137.323 126.989 142.138 156.194 147.496 129.468 100.443 107.876 102.28 104.932 30.6082 25.0802 13.3755 8.27647 15.8428 15.8401 20.8401 25.9391 58.8543 55.8543 73.532 98.9324 88.5662 80.5039 63.0171 15.3005 9.30054 20.7966 30.9947 40.3569 43.8421 47.65 51.9512 47.0651 48.7783 38.7284 56.1938 65.8757 58.3757 50.5655 74.0152 59.9947 86.7728 72.9651 72.4581 66.6272 69.7894 74.0321 78.1552 85.2262 81.1063 91.6294 88.5662 96.6285 96.4912 82.5445 79.009 83.4811 93.4811 97.8021 102.274 117.045 121.13 115.722 125.571 132.851 140.928 136.633 132.602 128.571 129.862 134.606 145.249 
92.2544 74.5321 53.4155 89.8667 46.9543 47.2601 29.0921 11.5974 0 54.2413 98.6249 130.107 140.376 82.742 50.2388 15.3254 88.814 112.365 95.3581 139.351 115.392 131.32 145.376 136.678 118.65 89.6249 97.0579 97.7572 107.244 34.923 20.5572 17.6903 12.5913 5.02494 4.24264 9.24264 14.3417 47.2569 44.2569 61.9346 87.335 90.5943 82.5321 65.0452 10.9508 16.9508 32.394 41.9941 51.9543 55.4395 59.2474 63.5486 58.6625 56.4286 46.3787 67.7912 77.4732 69.9732 62.1629 85.6126 70.9941 93.3667 80.6154 74.4862 68.6553 71.8176 76.0602 80.1833 87.2544 83.1344 93.6575 90.5943 98.6566 98.5194 84.5726 81.0371 85.5092 95.5092 99.8302 104.302 119.073 123.158 117.75 127.599 134.879 142.956 138.661 134.63 130.599 131.89 136.634 133.652 
146.496 128.773 107.657 144.108 100.416 100.722 73.2835 65.0592 54.2413 0 44.3836 75.8659 86.1346 127.757 94.4302 69.5667 143.055 166.606 149.599 193.592 95.1069 77.0792 91.1346 82.4364 64.4086 35.3836 42.8166 141.949 151.435 79.1145 64.7486 61.8818 56.7827 49.2164 58.4839 63.4839 68.583 101.498 98.4982 116.176 141.576 144.836 136.773 119.287 65.1921 71.1921 85.8558 86.1855 105.416 108.901 112.709 117.01 112.124 110.67 100.62 121.253 130.935 123.435 115.625 139.074 115.186 147.608 134.857 128.728 122.897 126.059 130.302 134.425 141.496 137.376 147.899 144.836 152.898 152.761 138.814 135.278 139.751 149.751 154.072 158.544 173.314 177.399 171.991 181.84 189.12 197.198 192.902 188.871 184.84 186.132 190.875 187.893 
190.879 173.157 152.04 188.492 144.8 145.106 117.667 109.443 98.6249 44.3836 0 37.9135 41.751 83.373 138.814 113.95 187.439 210.99 193.983 237.976 50.7233 32.6956 46.751 38.0527 20.025 9 16.433 186.332 195.819 123.498 109.132 106.265 101.166 93.6 102.868 107.868 112.967 145.882 142.882 160.56 185.96 189.219 181.157 163.67 109.576 115.576 130.239 130.569 149.8 153.285 157.093 161.394 156.508 155.054 145.004 165.637 175.319 167.819 160.008 183.458 159.569 191.992 179.24 173.111 167.28 170.442 174.685 178.808 185.879 181.759 192.282 189.219 197.281 197.144 183.198 179.662 184.134 194.134 198.455 202.927 217.698 221.783 216.375 226.224 233.504 241.581 237.286 233.255 229.224 230.515 235.259 232.277 
222.362 204.639 183.523 219.974 176.282 176.588 149.149 140.925 130.107 75.8659 37.9135 0 59.77 119.503 170.296 145.433 218.921 242.472 225.465 269.458 86.8532 68.8254 64.77 35.9163 17.8885 40.4822 33.0492 217.814 227.301 154.98 140.614 137.748 132.649 125.082 134.35 139.35 144.449 177.364 174.364 192.042 217.442 220.701 212.639 195.152 141.058 147.058 161.722 162.051 181.282 184.767 188.575 192.876 187.99 186.536 176.486 197.119 206.801 199.301 191.491 214.94 191.051 223.474 210.723 204.593 198.762 201.925 206.167 210.29 217.362 213.242 223.765 220.701 228.764 228.627 214.68 211.144 215.616 225.616 229.937 234.41 249.18 253.265 247.857 257.706 264.986 273.064 268.768 264.737 260.706 261.997 266.741 263.759 
220.018 201.03 187.405 209.818 186.551 186.856 159.418 151.194 140.376 86.1346 41.751 59.77 0 59.7328 180.565 127.149 208.765 244.878 229.348 271.864 27.0831 9.05539 5 23.8537 41.8815 50.751 58.184 228.083 237.57 165.249 150.883 148.016 142.917 135.351 138.232 133.232 138.331 161.208 164.208 181.886 201.286 217.092 209.03 199.035 144.94 150.94 171.99 172.32 191.551 195.036 198.844 203.145 198.259 190.418 180.368 207.388 217.07 209.57 201.759 225.209 201.32 213.318 214.605 208.476 202.645 205.807 210.05 214.173 215.018 209.632 221.421 217.092 225.155 226.283 218.562 215.027 219.499 226.421 233.129 237.601 248.99 254.015 250.263 260.112 267.392 275.469 268.981 267.143 263.112 262.747 267.49 247.603 
160.285 141.297 127.672 150.085 129.696 130.002 109.012 94.3394 82.742 127.757 83.373 119.503 59.7328 0 132.981 67.4166 149.032 185.145 169.615 212.131 32.6497 50.6774 64.7328 83.5865 101.614 92.373 99.806 180.499 189.167 114.843 103.299 100.432 95.3333 87.767 78.4994 73.4994 78.5984 101.475 104.475 122.153 141.553 157.36 149.297 139.302 85.2076 91.2076 115.136 121.914 134.696 138.182 141.989 146.291 141.404 130.685 120.635 150.533 160.215 152.715 144.905 167.478 150.914 153.585 154.872 148.743 142.912 146.074 150.317 154.44 155.285 149.9 161.688 157.36 165.422 166.55 158.829 155.294 159.766 166.688 173.396 177.868 189.257 194.282 190.53 200.379 207.659 215.737 209.248 207.41 203.379 203.014 207.757 187.87 
142.493 124.771 103.654 114.751 65.5502 65.8561 38.1838 54.7618 50.2388 94.4302 138.814 170.296 180.565 132.981 0 65.5642 139.053 162.603 145.597 182.59 165.63 171.509 185.565 176.867 158.839 129.814 137.247 47.5184 57.0053 44.0147 29.6816 41.3863 46.4854 45.2139 54.4814 59.4814 64.5805 97.4957 94.4957 112.173 137.574 140.833 132.771 115.284 61.1897 64.0624 50.99 51.0858 70.5502 74.0355 77.8434 82.1446 77.2584 100.062 93.4903 86.3872 96.0691 88.5691 80.7589 104.209 80.0858 118.101 124.249 124.725 118.894 122.056 126.299 130.422 137.493 133.373 143.896 140.833 148.895 148.758 134.811 131.276 135.748 145.748 150.069 154.541 169.312 173.397 167.989 177.837 178.118 186.195 188.9 184.869 180.837 182.129 186.872 183.891 
92.8681 73.8806 60.2557 82.6685 62.2797 62.5855 41.5956 26.9228 15.3254 69.5667 113.95 145.433 127.149 67.4166 65.5642 0 81.6158 117.728 102.198 144.714 100.066 118.094 132.149 151.003 133.975 104.95 112.383 113.083 121.75 47.4265 35.8826 33.0157 27.9167 20.3503 11.0828 6.08276 11.1818 34.0588 37.0588 54.7364 74.1368 89.9429 81.8806 71.8854 17.791 23.791 47.7195 54.4976 67.2797 70.765 74.5728 78.874 73.9879 63.2687 53.2188 83.1166 92.7986 85.2986 77.4883 100.061 83.4976 86.1685 87.4555 81.3264 75.4954 78.6577 82.9003 87.0234 87.8681 82.483 94.2712 89.9429 98.0051 99.1331 91.4128 87.8772 92.3494 99.2712 105.979 110.452 121.84 126.865 123.113 132.962 140.242 148.32 141.831 139.993 135.962 135.597 140.341 120.454 
35.9121 25.9111 47.0277 74.7052 104.248 124.332 115.084 98.4151 88.814 143.055 187.439 218.921 208.765 149.032 139.053 81.6158 0 46.9326 53.4955 67.0038 181.682 199.71 213.765 225.492 207.464 178.439 185.872 186.571 195.239 120.915 109.371 106.504 101.405 93.8389 84.5713 79.5713 84.6703 47.557 44.557 26.8794 8.5 9.84886 17.9111 35.3979 89.4923 89.1145 118.808 127.986 99.2482 109.193 105.385 101.084 92.54 69.7365 59.6866 105.327 93.3868 100.887 108.301 92.0977 126.811 78.2052 64.3975 55.3421 49.5111 46.3489 42.1062 37.9831 30.9121 25.5269 30.9734 25.9734 34.0356 37.0767 42.5108 46.0463 50.5185 42.3152 49.0234 53.4955 40.2244 45.2493 50.6576 60.5065 67.7866 70.6094 65.5792 61.5481 57.517 53.9814 58.7248 54.8168 
25.6457 43.8476 58.9491 63.8436 112.234 113.867 135.114 110.337 112.365 166.606 210.99 242.472 244.878 185.145 162.603 117.728 46.9326 0 17.0065 26.9863 217.795 235.822 249.878 249.042 231.015 201.99 209.423 210.122 215.268 140.945 132.922 123.712 118.613 117.39 108.122 113.122 118.221 83.6695 80.6695 62.9918 55.4326 43.9099 35.8476 53.3344 101.414 101.036 126.795 136.993 107.234 104.559 100.751 99.1472 100.526 77.7226 71.6081 94.9046 82.5252 90.0252 97.8354 81.2361 115.949 67.3436 53.5359 44.4805 43.7093 40.5471 41.8399 37.7168 30.6457 36.0309 29.8575 27.7853 19.7231 23.7542 34.8631 31.3275 26.8554 19.2426 12.5344 8.06226 6.7082 10.7935 5.38516 15.234 22.5141 30.5918 26.2963 22.2652 18.234 19.5256 24.269 44.294 
17.5835 36.571 41.9426 46.8371 95.2278 96.8601 118.107 93.33 95.3581 149.599 193.983 225.465 229.348 169.615 145.597 102.198 53.4955 17.0065 0 43.9928 202.264 220.292 234.348 232.036 214.008 184.983 192.416 193.115 198.262 123.938 115.915 106.705 101.606 100.383 91.1155 96.1155 101.214 76.3928 73.3928 55.7151 61.9955 43.6467 35.5844 41.2721 84.4073 84.0294 109.788 119.986 90.2278 87.5522 83.7444 82.1407 83.5196 60.7161 54.6016 77.898 65.5186 73.0186 80.8289 64.2295 98.9426 50.3371 36.5293 27.4739 26.7028 23.5405 26.5073 22.3842 22.5835 27.9686 28.9866 33.9866 27.8796 23.8484 17.8565 14.321 9.84886 11.1803 4.47214 8.94427 23.7147 27.8 22.3917 32.2406 39.5207 47.5983 43.3028 39.2717 35.2406 36.5321 41.2756 61.3005 
52.632 70.8339 85.9354 67.9888 117.04 117.862 144.406 137.323 139.351 193.592 237.976 269.458 271.864 212.131 182.59 144.714 67.0038 26.9863 43.9928 0 244.781 262.809 276.864 276.029 258.001 228.976 236.409 230.108 223.192 148.869 159.908 150.698 145.599 144.376 135.108 140.108 145.207 110.656 107.656 89.9781 75.5038 70.8961 62.8339 80.3207 128.4 128.022 131.6 141.798 118.395 108.554 104.746 103.143 111.687 102.483 98.5944 98.9001 86.5207 94.0207 101.831 78.3812 113.094 64.4888 78.2966 71.4667 70.6956 67.5333 68.8262 64.7031 57.632 63.0172 56.8438 54.7716 46.7094 50.7405 61.8493 58.3138 53.8417 46.2289 39.5207 35.0485 26.7794 21.7545 21.6011 11.7522 4.47214 3.60555 14.6509 12.9463 9.48683 13.0224 15.9877 36.0127 
192.934 173.947 160.322 182.735 162.346 162.652 141.662 126.989 115.392 95.1069 50.7233 86.8532 27.0831 32.6497 165.63 100.066 181.682 217.795 202.264 244.781 0 18.0278 32.0831 50.9369 68.9646 59.7233 67.1564 213.149 221.816 147.493 135.949 133.082 127.983 120.417 111.149 106.149 111.248 134.125 137.125 154.803 174.203 190.009 181.947 171.952 117.857 123.857 147.786 154.564 167.346 170.831 174.639 178.94 174.054 163.335 153.285 183.183 192.865 185.365 177.555 200.127 183.564 186.235 187.522 181.393 175.562 178.724 182.967 187.09 187.934 182.549 194.338 190.009 198.071 199.199 191.479 187.944 192.416 199.338 206.046 210.518 221.906 226.931 223.18 233.029 240.309 248.386 241.897 240.06 236.029 235.664 240.407 220.52 
210.962 191.975 178.35 200.763 177.495 177.801 150.363 142.138 131.32 77.0792 32.6956 68.8254 9.05539 50.6774 171.509 118.094 199.71 235.822 220.292 262.809 18.0278 0 14.0554 32.9091 50.9369 41.6956 49.1286 219.028 228.515 156.194 141.828 138.961 133.862 126.296 129.177 124.177 129.276 152.153 155.153 172.83 192.231 208.037 199.975 189.979 135.885 141.885 162.935 163.265 182.495 185.981 189.788 194.09 189.203 181.363 171.313 198.332 208.014 200.514 192.704 216.154 192.265 204.263 205.55 199.42 193.589 196.752 200.994 205.117 205.962 200.577 212.365 208.037 216.099 217.227 209.507 205.971 210.443 217.365 224.073 228.546 239.934 244.959 241.207 251.056 258.336 266.414 259.925 258.087 254.056 253.691 258.435 238.548 
225.018 206.03 192.405 214.818 191.551 191.856 164.418 156.194 145.376 91.1346 46.751 64.77 5 64.7328 185.565 132.149 213.765 249.878 234.348 276.864 32.0831 14.0554 0 28.8537 46.8815 55.751 63.184 233.083 242.57 170.249 155.883 153.016 147.917 140.351 143.232 138.232 143.331 166.208 169.208 186.886 206.286 222.092 214.03 204.035 149.94 155.94 176.99 177.32 196.551 200.036 203.844 208.145 203.259 195.418 185.368 212.388 222.07 214.57 206.759 230.209 206.32 218.318 219.605 213.476 207.645 210.807 215.05 219.173 220.018 214.632 226.421 222.092 230.155 231.283 223.562 220.027 224.499 231.421 238.129 242.601 253.99 259.015 255.263 265.112 272.392 280.469 273.981 272.143 268.112 267.747 272.49 252.603 
228.932 211.21 190.093 226.544 182.852 183.158 155.72 147.496 136.678 82.4364 38.0527 35.9163 23.8537 83.5865 176.867 151.003 225.492 249.042 232.036 276.029 50.9369 32.9091 28.8537 0 18.0278 47.0527 54.4858 224.385 233.872 161.551 147.185 144.318 139.219 131.653 140.92 145.92 151.019 183.935 180.935 198.612 224.013 227.272 219.21 201.723 147.628 153.628 168.292 168.622 187.852 191.338 195.146 199.447 194.561 193.106 183.056 203.689 213.371 205.871 198.061 221.511 197.622 230.044 217.293 211.164 205.333 208.495 212.738 216.861 223.932 219.812 230.335 227.272 235.334 235.197 221.25 217.715 222.187 232.187 236.508 240.98 255.75 259.836 254.427 264.276 271.556 279.634 275.339 271.307 267.276 268.568 273.311 270.329 
210.904 193.182 172.065 208.517 164.825 165.131 137.692 129.468 118.65 64.4086 20.025 17.8885 41.8815 101.614 158.839 133.975 207.464 231.015 214.008 258.001 68.9646 50.9369 46.8815 18.0278 0 29.025 36.458 206.357 215.844 143.523 129.157 126.29 121.191 113.625 122.893 127.893 132.992 165.907 162.907 180.584 205.985 209.244 201.182 183.695 129.601 135.601 150.264 150.594 169.825 173.31 177.118 181.419 176.533 175.078 165.029 185.662 195.344 187.844 180.033 203.483 179.594 212.017 199.265 193.136 187.305 190.467 194.71 198.833 205.904 201.784 212.307 209.244 217.306 217.169 203.223 199.687 204.159 214.159 218.48 222.952 237.723 241.808 236.4 246.249 253.529 261.606 257.311 253.28 249.249 250.54 255.284 252.302 
181.879 164.157 143.04 179.492 135.8 136.106 108.667 100.443 89.6249 35.3836 9 40.4822 50.751 92.373 129.814 104.95 178.439 201.99 184.983 228.976 59.7233 41.6956 55.751 47.0527 29.025 0 7.43303 177.332 186.819 114.498 100.132 97.2654 92.1663 84.6 93.8675 98.8675 103.967 136.882 133.882 151.56 176.96 180.219 172.157 154.67 100.576 106.576 121.239 121.569 140.8 144.285 148.093 152.394 147.508 146.054 136.004 156.637 166.319 158.819 151.008 174.458 150.569 182.992 170.24 164.111 158.28 161.442 165.685 169.808 176.879 172.759 183.282 180.219 188.281 188.144 174.198 170.662 175.134 185.134 189.455 193.927 208.698 212.783 207.375 217.224 224.504 232.581 228.286 224.255 220.224 221.515 226.259 223.277 
189.312 171.59 150.473 186.925 143.233 143.539 116.1 107.876 97.0579 42.8166 16.433 33.0492 58.184 99.806 137.247 112.383 185.872 209.423 192.416 236.409 67.1564 49.1286 63.184 54.4858 36.458 7.43303 0 184.765 194.252 121.931 107.565 104.698 99.5994 92.033 101.301 106.301 111.4 144.315 141.315 158.993 184.393 187.652 179.59 162.103 108.009 114.009 128.672 129.002 148.233 151.718 155.526 159.827 154.941 153.487 143.437 164.07 173.752 166.252 158.441 181.891 158.002 190.425 177.673 171.544 165.713 168.876 173.118 177.241 184.312 180.192 190.715 187.652 195.715 195.577 181.631 178.095 182.567 192.567 196.888 201.36 216.131 220.216 214.808 224.657 231.937 240.014 235.719 231.688 227.657 228.948 233.692 230.71 
190.012 172.289 151.173 162.269 113.069 113.375 85.7022 102.28 97.7572 141.949 186.332 217.814 228.083 180.499 47.5184 113.083 186.571 210.122 193.115 230.108 213.149 219.028 233.083 224.385 206.357 177.332 184.765 0 9.48683 83.8104 77.2001 88.9048 94.0038 92.7323 102 107 112.099 145.014 142.014 159.692 185.092 188.352 180.289 162.802 108.708 111.581 98.5084 90.8815 118.069 121.554 125.362 129.663 124.777 147.58 141.009 133.906 143.588 136.088 128.277 151.727 119.882 165.619 171.767 172.243 166.413 169.575 173.817 177.941 185.012 180.892 191.415 188.352 196.414 196.277 182.33 178.794 183.266 193.266 197.587 202.06 216.83 220.915 215.507 225.356 225.636 233.714 236.418 232.387 228.356 229.647 234.391 231.409 
195.158 177.436 156.319 155.353 106.153 106.459 80.1546 104.932 107.244 151.435 195.819 227.301 237.57 189.167 57.0053 121.75 195.239 215.268 198.262 223.192 221.816 228.515 242.57 233.872 215.844 186.819 194.252 9.48683 0 74.3236 86.6869 91.5563 96.6553 102.219 111.487 115.667 110.568 153.682 150.682 168.359 193.76 193.498 185.436 167.949 118.195 114.232 91.5927 81.3947 111.153 114.638 118.446 122.747 117.861 140.665 143.66 126.99 136.672 129.172 121.362 144.811 110.395 158.704 164.851 173.907 171.559 174.721 178.964 183.087 190.158 186.038 196.561 193.498 201.56 201.423 187.476 183.941 188.413 198.413 202.734 207.206 221.977 226.062 220.653 226 218.72 226.798 237.063 233.032 229 232.536 236.073 240.077 
120.834 103.112 81.9956 81.0298 31.8293 32.1352 5.83095 30.6082 34.923 79.1145 123.498 154.98 165.249 114.843 44.0147 47.4265 120.915 140.945 123.938 148.869 147.493 156.194 170.249 161.551 143.523 114.498 121.931 83.8104 74.3236 0 28.9374 17.2327 22.3317 29.8981 39.1657 41.3438 36.2448 79.3581 76.3581 94.0357 119.436 119.174 111.112 93.6253 45.8739 39.9087 17.2691 7.07107 36.8293 40.3146 44.1225 48.4237 43.5375 66.341 69.3366 52.6663 62.3482 54.8482 47.038 70.4876 36.0711 84.3801 90.5278 99.5832 97.2354 100.398 104.64 108.763 115.834 111.714 122.238 119.174 127.237 127.099 113.153 109.617 114.089 124.089 128.41 132.882 147.653 151.738 146.33 151.677 144.397 152.474 162.739 158.708 154.677 158.212 161.749 165.753 
112.812 95.0892 73.9727 99.6734 50.4729 50.7788 23.1065 25.0802 20.5572 64.7486 109.132 140.614 150.883 103.299 29.6816 35.8826 109.371 132.922 115.915 159.908 135.949 141.828 155.883 147.185 129.157 100.132 107.565 77.2001 86.6869 28.9374 0 11.7047 16.8037 15.5322 24.7998 29.7998 34.8988 67.8141 64.8141 82.4918 107.892 111.151 103.089 85.6024 31.508 34.3807 35.9127 36.0085 55.4729 58.9582 62.7661 67.0673 62.1811 73.8585 63.8086 71.3099 80.9918 73.4918 65.6816 89.1312 65.0085 103.024 98.0453 95.0434 89.2124 92.3747 96.6174 100.74 107.812 103.692 114.215 111.151 119.214 119.077 105.13 101.594 106.066 116.066 120.387 124.86 139.63 143.715 138.307 148.156 155.436 163.514 159.218 155.187 151.156 152.447 157.191 154.209 
103.602 85.8794 64.7629 87.9687 38.7682 39.0741 11.4018 13.3755 17.6903 61.8818 106.265 137.748 148.016 100.432 41.3863 33.0157 106.504 123.712 106.705 150.698 133.082 138.961 153.016 144.318 126.29 97.2654 104.698 88.9048 91.5563 17.2327 11.7047 0 5.09902 12.6654 21.933 26.933 32.032 64.9473 61.9473 79.6249 105.025 101.942 93.8794 76.3926 28.6412 22.676 24.208 24.3038 43.7682 47.2535 51.0614 55.3626 50.4764 62.1538 52.1039 59.6052 69.2871 61.7871 53.9769 77.4265 53.3038 91.319 86.3406 85.8336 80.0026 83.1649 87.4076 91.5307 98.6017 94.4818 105.005 101.942 110.004 109.867 95.92 92.3845 96.8566 106.857 111.178 115.65 130.42 134.505 129.097 138.946 146.226 154.304 150.008 145.977 141.946 143.238 147.981 151.342 
98.5027 80.7804 59.6639 91.5493 43.6333 43.9392 16.5008 8.27647 12.5913 56.7827 101.166 132.649 142.917 95.3333 46.4854 27.9167 101.405 118.613 101.606 145.599 127.983 133.862 147.917 139.219 121.191 92.1663 99.5994 94.0038 96.6553 22.3317 16.8037 5.09902 0 7.56637 16.834 21.834 26.933 59.8482 56.8482 74.5259 99.9263 96.8427 88.7804 71.2936 23.5422 17.577 29.0731 29.4028 48.6333 52.1186 55.9265 60.2277 55.3415 57.0548 47.0049 64.4703 74.1522 66.6522 58.842 82.2916 58.4028 95.0493 81.2415 80.7346 74.9036 78.0659 82.3085 86.4317 93.5027 89.3827 99.9058 96.8427 104.905 104.768 90.821 87.2854 91.7576 101.758 106.079 110.551 125.321 129.406 123.998 133.847 141.127 149.205 144.909 140.878 136.847 138.139 142.882 146.243 
97.2793 79.557 58.4405 94.8916 51.1997 51.5055 24.0671 15.8428 5.02494 49.2164 93.6 125.082 135.351 87.767 45.2139 20.3503 93.8389 117.39 100.383 144.376 120.417 126.296 140.351 131.653 113.625 84.6 92.033 92.7323 102.219 29.8981 15.5322 12.6654 7.56637 0 9.26758 14.2676 19.3666 52.2819 49.2819 66.9595 92.3599 95.6193 87.557 70.0702 15.9758 21.9758 36.6395 36.9692 56.1997 59.685 63.4929 67.794 62.9079 61.4535 51.4037 72.0367 81.7186 74.2186 66.4083 89.858 65.9692 98.3916 85.6403 79.5112 73.6802 76.8425 81.0851 85.2082 92.2793 88.1593 98.6824 95.6193 103.682 103.544 89.5976 86.062 90.5342 100.534 104.855 109.327 124.098 128.183 122.775 132.624 139.904 147.981 143.686 139.655 135.624 136.915 141.659 138.677 
88.0117 70.2894 49.1729 85.624 51.1969 51.5028 33.3347 15.8401 4.24264 58.4839 102.868 134.35 138.232 78.4994 54.4814 11.0828 84.5713 108.122 91.1155 135.108 111.149 129.177 143.232 140.92 122.893 93.8675 101.301 102 111.487 39.1657 24.7998 21.933 16.834 9.26758 0 5 10.099 43.0143 40.0143 57.692 83.0923 86.3517 78.2894 60.8026 6.7082 12.7082 36.6367 46.2367 56.1969 59.6822 63.4901 67.7912 62.9051 52.186 42.1361 72.0339 81.7158 74.2158 66.4056 89.8552 75.2367 89.124 76.3727 70.2436 64.4126 67.5749 71.8176 75.9407 83.0117 78.8918 89.4149 86.3517 94.4139 94.2767 80.33 76.7945 81.2666 91.2666 95.5876 100.06 114.83 118.915 113.507 123.356 130.636 138.714 134.418 130.387 126.356 127.648 132.391 129.409 
90.8236 71.8361 54.1729 80.624 56.1969 56.5028 35.5128 20.8401 9.24264 63.4839 107.868 139.35 133.232 73.4994 59.4814 6.08276 79.5713 113.122 96.1155 140.108 106.149 124.177 138.232 145.92 127.893 98.8675 106.301 107 115.667 41.3438 29.7998 26.933 21.834 14.2676 5 0 5.09902 38.0143 35.0143 52.692 78.0923 87.8984 79.8361 65.8026 11.7082 17.7082 41.6367 48.4149 61.1969 64.6822 68.4901 72.7912 67.9051 57.186 47.1361 77.0339 86.7158 79.2158 71.4056 94.8552 77.4149 84.124 81.3727 75.2436 69.4126 72.5749 76.8176 80.9407 85.8236 80.4385 92.2268 87.8984 95.9607 97.0886 85.33 81.7945 86.2666 96.2666 100.588 105.06 119.796 123.915 118.507 128.356 135.636 143.714 139.418 135.387 131.356 132.648 137.391 124.409 
95.9227 76.9352 59.2719 85.7231 57.7803 58.0861 30.4138 25.9391 14.3417 68.583 112.967 144.449 138.331 78.5984 64.5805 11.1818 84.6703 118.221 101.214 145.207 111.248 129.276 143.331 151.019 132.992 103.967 111.4 112.099 110.568 36.2448 34.8988 32.032 26.933 19.3666 10.099 5.09902 0 43.1133 40.1133 57.791 83.1914 92.9974 84.9352 70.9016 16.8072 22.8072 43.2201 43.3158 62.7803 66.2656 70.0734 74.3746 69.4885 62.285 52.2351 78.6173 88.2992 80.7992 72.9889 96.4386 72.3158 89.2231 86.4718 80.3426 74.5117 77.6739 81.9166 86.0397 90.9227 85.5375 97.3258 92.9974 101.06 102.188 90.429 86.8935 91.3656 101.366 105.687 110.159 124.895 129.015 123.606 133.455 140.735 148.813 144.517 140.486 136.455 137.747 142.49 129.508 
58.8093 39.8219 60.9384 48.6098 94.2112 94.517 73.5271 58.8543 47.2569 101.498 145.882 177.364 161.208 101.475 97.4957 34.0588 47.557 83.6695 76.3928 110.656 134.125 152.153 166.208 183.935 165.907 136.882 144.315 145.014 153.682 79.3581 67.8141 64.9473 59.8482 52.2819 43.0143 38.0143 43.1133 0 3 20.6777 40.078 55.8841 47.8219 49.3087 49.7225 55.7225 79.651 86.4291 99.1656 89.3249 85.517 83.9134 92.4574 83.1043 73.5974 79.6707 67.2913 74.7913 82.6015 66.0022 100.715 52.1098 58.9175 67.9729 71.4784 68.3162 64.0735 60.8804 53.8093 48.4242 60.2125 55.8841 63.9464 65.0743 65.4081 68.9436 73.4158 65.2125 71.9207 76.3928 87.7814 92.8063 89.0546 98.9035 106.184 114.261 107.772 105.935 101.903 101.538 106.282 86.3949 
55.8093 36.8219 57.9384 45.6098 91.2112 91.517 70.5271 55.8543 44.2569 98.4982 142.882 174.364 164.208 104.475 94.4957 37.0588 44.557 80.6695 73.3928 107.656 137.125 155.153 169.208 180.935 162.907 133.882 141.315 142.014 150.682 76.3581 64.8141 61.9473 56.8482 49.2819 40.0143 35.0143 40.1133 3 0 17.6777 43.078 52.8841 44.8219 46.3087 46.7225 52.7225 76.651 83.4291 96.1656 86.3249 82.517 80.9134 89.4574 80.1043 70.5974 76.6707 64.2913 71.7913 79.6015 63.0022 97.7153 49.1098 55.9175 64.9729 68.4784 65.3162 61.0735 57.8804 50.8093 45.4242 57.2125 52.8841 60.9464 62.0743 62.4081 65.9436 70.4158 62.2125 68.9207 73.3928 84.7814 89.8063 86.0546 95.9035 103.184 111.261 106.966 102.935 98.9035 98.5385 103.282 89.3949 
38.1317 19.1442 40.2607 63.2874 97.4813 109.195 88.2048 73.532 61.9346 116.176 160.56 192.042 181.886 122.153 112.173 54.7364 26.8794 62.9918 55.7151 89.9781 154.803 172.83 186.886 198.612 180.584 151.56 158.993 159.692 168.359 94.0357 82.4918 79.6249 74.5259 66.9595 57.692 52.692 57.791 20.6777 17.6777 0 35.3794 35.2064 27.1442 28.631 64.4002 70.4002 94.3286 101.107 92.4813 102.426 98.6183 94.3171 85.7731 62.9696 52.9197 94.3484 81.969 89.469 97.2792 80.6799 115.393 66.7874 65.6871 56.6317 50.8008 47.6385 43.3958 40.2027 33.1317 27.7465 39.5348 35.2064 43.2687 44.3967 44.7304 48.266 52.7381 44.5348 51.243 55.7151 67.1037 72.1287 68.377 78.2258 85.5059 93.5836 89.2881 85.2569 81.2258 80.8608 85.6042 81.6962 
44.4121 34.4111 55.5277 83.2052 112.748 132.832 113.605 98.9324 87.335 141.576 185.96 217.442 201.286 141.553 137.574 74.1368 8.5 55.4326 61.9955 75.5038 174.203 192.231 206.286 224.013 205.985 176.96 184.393 185.092 193.76 119.436 107.892 105.025 99.9263 92.3599 83.0923 78.0923 83.1914 40.078 43.078 35.3794 0 18.3489 26.4111 43.8979 89.8005 95.8005 119.729 126.507 107.748 117.693 113.885 109.584 101.04 78.2365 68.1866 113.827 101.887 109.387 116.801 100.598 135.311 86.7052 72.8975 63.8421 58.0111 54.8489 50.6062 46.4831 39.4121 34.0269 39.4734 34.4734 42.5356 45.5767 51.0108 54.5463 59.0185 50.8152 57.5234 61.9955 48.7244 53.7493 59.1576 69.0065 76.2866 78.724 67.6944 69.3832 66.017 62.4814 66.3418 46.3168 
26.0632 16.0623 37.1788 64.8564 94.3994 114.483 113.343 88.5662 90.5943 144.836 189.219 220.701 217.092 157.36 140.833 89.9429 9.84886 43.9099 43.6467 70.8961 190.009 208.037 222.092 227.272 209.244 180.219 187.652 188.352 193.498 119.174 111.151 101.942 96.8427 95.6193 86.3517 87.8984 92.9974 55.8841 52.8841 35.2064 18.3489 0 8.06226 25.5491 79.6435 79.2657 108.96 119.158 89.3994 99.3442 95.5363 91.2352 82.6912 59.8877 49.8378 95.4778 83.5379 91.0379 98.4518 82.2488 116.962 68.3564 54.5486 45.4932 39.6623 36.5 32.2574 28.1343 21.0632 15.678 21.1245 16.1245 24.1868 27.2278 32.662 36.1975 40.6696 32.4663 39.1745 43.6467 50.0732 54.7033 49.295 59.1439 66.424 74.5017 70.2061 66.175 62.1439 63.4355 68.1789 64.6657 
18.0009 8 29.1165 56.7941 86.3371 106.421 105.281 80.5039 82.5321 136.773 181.157 212.639 209.03 149.297 132.771 81.8806 17.9111 35.8476 35.5844 62.8339 181.947 199.975 214.03 219.21 201.182 172.157 179.59 180.289 185.436 111.112 103.089 93.8794 88.7804 87.557 78.2894 79.8361 84.9352 47.8219 44.8219 27.1442 26.4111 8.06226 0 17.4868 71.5812 71.2034 100.897 111.095 81.3371 91.282 87.4741 83.1729 74.6289 51.8254 41.7755 87.4156 75.4757 82.9757 90.3896 74.1866 108.9 60.2941 46.4864 37.431 31.6 28.4378 24.1951 20.072 13.0009 7.61577 13.0623 8.06226 16.1245 19.1655 24.5997 28.1352 32.6074 24.4041 31.1123 35.5844 42.5558 46.6411 41.2328 51.0816 58.3617 66.4394 62.1439 58.1127 54.0816 55.3732 60.1166 72.728 
28.4743 9.48683 11.6297 47.3638 68.8503 88.9339 87.7944 63.0171 65.0452 119.287 163.67 195.152 199.035 139.302 115.284 71.8854 35.3979 53.3344 41.2721 80.3207 171.952 189.979 204.035 201.723 183.695 154.67 162.103 162.802 167.949 93.6253 85.6024 76.3926 71.2936 70.0702 60.8026 65.8026 70.9016 49.3087 46.3087 28.631 43.8979 25.5491 17.4868 0 54.0944 53.7166 83.4105 93.6085 63.8503 73.7951 69.9872 65.6861 57.1421 34.3386 24.2887 69.9287 66.0454 73.5454 72.9027 64.7563 99.4694 50.8638 37.0561 28.0007 22.1697 19.0075 14.7648 18.8879 23.4743 18.0892 29.8774 25.5491 33.6113 34.7393 23.4156 26.9512 31.4233 34.8774 41.5857 46.0578 60.0426 64.1279 58.7196 68.5685 75.8486 83.9263 79.6307 75.5996 71.5685 72.86 77.6035 90.2148 
81.3035 63.5812 42.4647 79.9723 50.6574 50.9632 40.0429 15.3005 10.9508 65.1921 109.576 141.058 144.94 85.2076 61.1897 17.791 89.4923 101.414 84.4073 128.4 117.857 135.885 149.94 147.628 129.601 100.576 108.009 108.708 118.195 45.8739 31.508 28.6412 23.5422 15.9758 6.7082 11.7082 16.8072 49.7225 46.7225 64.4002 89.8005 79.6435 71.5812 54.0944 0 6 36.0972 46.2952 55.6574 59.1427 62.9506 67.2517 62.3656 45.4778 35.4279 71.4944 81.1763 73.6763 65.866 89.3157 75.2952 83.4723 69.6645 63.5354 57.7044 60.8667 65.1094 69.2325 76.3035 72.1836 82.7067 79.6435 87.7057 87.5685 73.6218 70.0863 74.5584 84.5584 88.8794 93.3515 108.122 112.207 106.799 116.648 123.928 132.006 127.71 123.679 119.648 120.939 125.683 136.117 
80.9257 63.2034 42.0869 73.9723 44.6574 44.9632 34.0778 9.30054 16.9508 71.1921 115.576 147.058 150.94 91.2076 64.0624 23.791 89.1145 101.036 84.0294 128.022 123.857 141.885 155.94 153.628 135.601 106.576 114.009 111.581 114.232 39.9087 34.3807 22.676 17.577 21.9758 12.7082 17.7082 22.8072 55.7225 52.7225 70.4002 95.8005 79.2657 71.2034 53.7166 6 0 30.0972 40.2952 49.6574 53.1427 56.9506 61.2517 56.3656 39.4778 29.4279 65.4944 75.1763 67.6763 59.866 83.3157 69.2952 77.4723 63.6645 63.1576 57.3266 60.4889 64.7315 68.8546 75.9257 71.8057 82.3288 79.2657 87.3279 87.1907 73.244 69.7084 74.1806 84.1806 88.5016 92.9737 107.744 111.829 106.421 116.27 123.55 131.628 127.332 123.301 119.27 120.562 125.305 142.117 
108.303 92.8973 71.7808 63.7607 14.5602 14.8661 12.8062 20.7966 32.394 85.8558 130.239 161.722 171.99 115.136 50.99 47.7195 118.808 126.795 109.788 131.6 147.786 162.935 176.99 168.292 150.264 121.239 128.672 98.5084 91.5927 17.2691 35.9127 24.208 29.0731 36.6395 36.6367 41.6367 43.2201 79.651 76.651 94.3286 119.729 108.96 100.897 83.4105 36.0972 30.0972 0 10.198 19.5602 23.0455 26.8534 31.1546 26.2684 49.0719 59.1218 35.3972 45.0791 37.5791 29.7689 53.2185 39.198 67.111 73.2587 82.3141 87.0205 90.1828 94.4255 98.5486 105.62 101.5 112.023 108.96 117.022 114.568 99.0026 95.467 99.9392 109.939 114.26 118.732 133.503 137.588 132.18 134.408 127.128 135.205 145.47 141.439 137.408 140.943 144.48 164.505 
118.501 103.095 81.9788 73.9587 24.7583 25.0641 12.902 30.9947 41.9941 86.1855 130.569 162.051 172.32 121.914 51.0858 54.4976 127.986 136.993 119.986 141.798 154.564 163.265 177.32 168.622 150.594 121.569 129.002 90.8815 81.3947 7.07107 36.0085 24.3038 29.4028 36.9692 46.2367 48.4149 43.3158 86.4291 83.4291 101.107 126.507 119.158 111.095 93.6085 46.2952 40.2952 10.198 0 29.7583 33.2435 37.0514 41.3526 36.4665 59.27 69.3198 45.5952 55.2772 47.7772 39.9669 63.4166 29 77.309 83.4567 92.5121 97.2186 100.381 104.624 108.747 115.818 111.698 122.221 119.158 127.22 124.766 109.201 105.665 110.137 120.137 124.458 128.93 143.701 147.786 142.378 144.606 137.326 145.403 155.668 151.637 147.606 151.141 154.678 172.824 
88.7429 73.3371 52.2206 50.5558 5 33.1949 32.3665 40.3569 51.9543 105.416 149.8 181.282 191.551 134.696 70.5502 67.2797 99.2482 107.234 90.2278 118.395 167.346 182.495 196.551 187.852 169.825 140.8 148.233 118.069 111.153 36.8293 55.4729 43.7682 48.6333 56.1997 56.1969 61.1969 62.7803 99.1656 96.1656 92.4813 107.748 89.3994 81.3371 63.8503 55.6574 49.6574 19.5602 29.7583 0 10.4403 14.2482 15.2522 6.7082 29.5117 39.5616 19.4948 31.8743 24.9739 17.1637 40.0137 58.7583 53.9061 53.6985 62.7539 67.4603 70.6226 74.8652 78.9884 86.0594 81.9394 92.4625 89.3994 97.4616 95.0079 79.4424 75.9068 80.379 90.379 94.6999 99.1721 113.943 118.028 112.62 121.203 113.923 122 132.265 128.234 124.203 126.76 131.275 151.3 
86.0673 83.282 62.1654 40.7152 8.48528 22.7546 35.8517 43.8421 55.4395 108.901 153.285 184.767 195.036 138.182 74.0355 70.765 109.193 104.559 87.5522 108.554 170.831 185.981 200.036 191.338 173.31 144.285 151.718 121.554 114.638 40.3146 58.9582 47.2535 52.1186 59.685 59.6822 64.6822 66.2656 89.3249 86.3249 102.426 117.693 99.3442 91.282 73.7951 59.1427 53.1427 23.0455 33.2435 10.4403 0 3.80789 8.10905 16.6531 39.4566 49.5064 12.3517 22.0336 14.5336 6.72336 30.173 62.2435 44.0655 51.0229 60.0783 65.9093 69.0715 73.3142 77.4373 84.5083 89.8935 90.9115 95.9115 96.3634 92.3323 76.7668 73.2312 77.7034 87.7034 92.0244 96.4965 111.267 115.352 109.944 111.362 104.082 112.16 122.424 118.393 114.362 117.898 121.435 141.46 
82.2594 79.4741 58.3575 36.9073 12.2932 18.9467 39.6596 47.65 59.2474 112.709 157.093 188.575 198.844 141.989 77.8434 74.5728 105.385 100.751 83.7444 104.746 174.639 189.788 203.844 195.146 177.118 148.093 155.526 125.362 118.446 44.1225 62.7661 51.0614 55.9265 63.4929 63.4901 68.4901 70.0734 85.517 82.517 98.6183 113.885 95.5363 87.4741 69.9872 62.9506 56.9506 26.8534 37.0514 14.2482 3.80789 0 4.30116 12.8452 35.6487 45.6986 8.5438 18.2257 10.7257 2.91548 26.3651 61.0782 40.2576 47.215 56.2704 62.1014 65.2636 69.5063 73.6294 80.7005 86.0856 87.1036 92.1036 92.5555 88.5244 72.9589 69.4234 73.8955 83.8955 88.2165 92.6886 107.459 111.544 106.136 107.554 100.274 108.352 118.617 114.585 110.554 114.09 117.627 137.652 
80.6558 75.1729 54.0564 35.3036 16.5943 23.2479 43.9608 51.9512 63.5486 117.01 161.394 192.876 203.145 146.291 82.1446 78.874 101.084 99.1472 82.1407 103.143 178.94 194.09 208.145 199.447 181.419 152.394 159.827 129.663 122.747 48.4237 67.0673 55.3626 60.2277 67.794 67.7912 72.7912 74.3746 83.9134 80.9134 94.3171 109.584 91.2352 83.1729 65.6861 67.2517 61.2517 31.1546 41.3526 15.2522 8.10905 4.30116 0 8.544 31.3475 41.3974 4.24264 16.6221 15.0269 7.21664 24.7615 59.4746 38.6539 45.6114 54.6667 60.4977 63.66 67.9026 72.0257 79.0968 83.7752 85.4999 90.4999 90.9519 86.9207 71.3552 67.8197 72.2918 82.2918 86.6128 91.085 105.855 109.941 104.532 105.951 98.6706 106.748 117.013 112.982 108.951 112.486 116.023 136.048 
82.0347 66.6289 45.5124 43.8476 11.7082 31.7919 39.0747 47.0651 58.6625 112.124 156.508 187.99 198.259 141.404 77.2584 73.9879 92.54 100.526 83.5196 111.687 174.054 189.203 203.259 194.561 176.533 147.508 154.941 124.777 117.861 43.5375 62.1811 50.4764 55.3415 62.9079 62.9051 67.9051 69.4885 92.4574 89.4574 85.7731 101.04 82.6912 74.6289 57.1421 62.3656 56.3656 26.2684 36.4665 6.7082 16.6531 12.8452 8.544 0 22.8035 32.8534 12.7866 25.1661 23.5709 15.7606 33.3055 65.4665 47.1979 46.9903 56.0457 60.7521 63.9144 68.157 72.2801 79.3512 75.2312 85.7543 82.6912 90.7534 88.2997 72.7341 69.1986 73.6707 83.6707 87.9917 92.4639 107.234 111.32 105.911 114.495 107.215 115.292 125.557 121.526 117.495 120.052 124.567 144.592 
59.2312 43.8254 22.7089 34.4945 34.5117 54.5954 61.8782 48.7783 56.4286 110.67 155.054 186.536 190.418 130.685 100.062 63.2687 69.7365 77.7226 60.7161 102.483 163.335 181.363 195.418 193.106 175.078 146.054 153.487 147.58 140.665 66.341 73.8585 62.1538 57.0548 61.4535 52.186 57.186 62.285 83.1043 80.1043 62.9696 78.2365 59.8877 51.8254 34.3386 45.4778 39.4778 49.0719 59.27 29.5117 39.4566 35.6487 31.3475 22.8035 0 10.0499 35.5902 47.9696 46.3744 38.5642 51.887 86.6001 37.9945 24.1868 33.2422 37.9486 41.1109 45.3535 49.4766 56.5477 52.4277 62.9508 59.8877 67.9499 65.4962 49.9306 46.3951 50.8672 60.8672 65.1882 69.6604 84.4308 88.5161 83.1078 92.9567 98.0112 106.089 104.019 99.9878 95.9567 97.2482 101.992 122.017 
51.4978 33.7755 12.659 44.5444 44.5616 64.6452 63.5057 38.7284 46.3787 100.62 145.004 176.486 180.368 120.635 93.4903 53.2188 59.6866 71.6081 54.6016 98.5944 153.285 171.313 185.368 183.056 165.029 136.004 143.437 141.009 143.66 69.3366 63.8086 52.1039 47.0049 51.4037 42.1361 47.1361 52.2351 73.5974 70.5974 52.9197 68.1866 49.8378 41.7755 24.2887 35.4279 29.4279 59.1218 69.3198 39.5616 49.5064 45.6986 41.3974 32.8534 10.0499 0 45.64 58.0194 56.4243 48.614 61.9369 96.65 48.0444 34.2366 33.7297 27.8987 31.061 35.3037 39.4268 46.4978 42.3779 52.901 49.8378 57.9 57.7628 43.8161 40.2806 44.7527 54.7527 59.0737 63.5458 78.3163 82.4016 76.9932 86.8421 94.1222 102.2 97.9044 93.8732 89.8421 91.1337 95.8771 114.503 
